A = [[1, 1, 1, 0, 0, 0 , 0 , 0 , 0, 0, 0, 0, 0, 0, 0, 0, 0, 0],
     [0, 0, 0, 1, 1, 0 , 0 , 0 , 0, 0, 0, 0, 0, 0, 0, 0, 0, 0],
     [0, 0, 0, 0, 0, 1 , 1 , 1 , 0, 0, 0, 0, 0, 0, 0, 0, 0, 0],
     [0, 0, 0, 0, 0, 0 , 0 , 0 , 1, 1, 1, 0, 0, 0, 0, 0, 0, 0],
     [0, 0, 0, 0, 0, 0 , 0 , 0 , 0, 0, 0, 1, 1, 0, 0, 0, 0, 0],
     [0, 0, 0, 0, 0, 0 , 0 , 0 , 0, 0, 0, 0, 0, 1, 1, 1, 0, 0],
     [0, 0, 0, 0, 0, 0 , 0 , 0 , 0, 0, 0, 0, 0, 0, 0, 0, 1, 1],
     [1, 0, 0, 1, 0, 0 , 0 , 0 , 1, 0, 0, 0, 0, 0, 0, 0, 0, 0],
     [0, 0, 0, 0, 0, 1 , 0 , 0 , 0, 0, 0, 1, 0, 1, 0, 0, 0, 0],
     [0, 1, 0, 0, 0, 0 , 1 , 0 , 0, 0, 0, 0, 0, 0, 0, 0, 1, 0],
     [0, 0, 0, 0, 1, 0 , 0 , 0 , 0, 1, 0, 0, 0, 0, 0, 0, 0, 0],
     [0, 0, 0, 0, 0, 0 , 0 , 1 , 0, 0, 0, 0, 0, 0, 1, 0, 0, 0],
     [0, 0, 1, 0, 0, 0 , 0 , 0 , 0, 0, 0, 0, 0, 0, 0, 1, 0, 0],
     [0, 0, 0, 0, 0, 0 , 0 , 0 , 0, 0, 1, 0, 1, 0, 0, 0, 0, 1]]

X = ["x1_1", "x1_3", "x1_6", "x2_1", "x2_4", "x3_2", "x3_3", "x3_5", "x4_1", "x4_4", "x4_7", "x5_2", "x5_7", "x6_2", "x6_5", "x6_6", "x7_3", "x7_7"]
b = [ 1, 1 , 1 , 1 , 1, 1, 1, 1, 1, 1, 1, 1, 1, 1]
c = [57, 48, 95, 87, 70, 96 , 74 , 60 , 75, 81, 90, 55, 75, 85, 26, 60, 64, 88]

P = InteractiveLPProblem(A, b, c, X, variable_type=">=", constraint_type="==")
show(P)
P.standard_form().run_simplex_method()
